4
15
1,1,-1,3,-1
0.5,1.5,-.5,3.,1
-.05,2,1,2,-1
1.2,1.4,10,1,1
-1,-33,-9.9999,0.0010,-1
1,2,-2,1,1
1,-2,2,1,1
-1,2,-2,1,1
-1,-2,2,1,-1
1,2,-2,-1,1
1.,-2.3,2,1,-1
1,2,-2.3,1,1
1,1,1,1,-1
1.,1,1,1,-1
1,-2,2,1,1
-1,2,-2,1
-1,-2,2,1
1,2,-2,-1
1.,-2.3,2,1
1,2,-2.3,1
0.5,1,-0.5,1
-0.5,1,0.5,1
1,1,1,1
1.,1,1,1
1,-2,2,1
-1,2,-2,1
-1,-2,2,1
1,2,-2,-1
1.,-2.3,2,1
1,2,-2.3,1
1,1,1,1
1.,1,1,1
1,-2,2,1
99,99,99,99
-1,2,-2,1
-1,-2,2,1
1,2,-2,-1
1.,-2.3,2,1
1,2,-2.3,1
1,1,1,1
1.,1,1,1
1,-2,2,1
-1,2,-2,1
-1,-2,2,1
1,2,-2,-1
1.,-2.3,2,1
1,2,-2.3,1
1,1,1,1
1.,1,1,1
4,3,2,1
1.,1,1,1
0.5,1,-0.5,1
-0.5,1,0.5,1
